0, 0, 50000.0, [0.7416411435855346, 0.5038973514187528, 0.0, 0.9984688812747502, 0.417886478724632, 0.0, 1.0, 0.5981223696601521, 0.0, 1.0, 1.0, 0.0] 
0, 1, 50000.0, [0.0, 0.012015607846093512, 0.0, 1.0, 0.6436406602434984, 1.0, 1.0, 1.0, 1.0, 0.21813256005179393, 0.5119657712844985, 0.3792424779767267] 
0, 2, 50000.0, [0.18305309131393627, 1.0, 0.0, 0.41293496490623016, 1.0, 0.8945217240831247, 1.0, 1.0, 0.0, 0.0, 0.9602088342301518, 1.0] 
0, 3, 50000.0, [0.0, 1.0, 0.0, 1.0, 0.0, 1.0, 1.0, 0.5148163480124455, 0.0, 1.0, 1.0, 1.0] 
0, 4, 50000.0, [0.0, 0.0, 0.0, 0.0, 0.0, 0.5544820876177674, 0.0, 0.0, 0.8909750906044507, 0.0, 0.9541109016649838, 1.0] 
0, 5, 50000.0, [0.0, 0.06369699056574096, 1.0, 0.06032288519117318, 1.0, 0.0, 0.0, 1.0, 1.0, 0.49340190815305546, 1.0, 0.0] 
0, 6, 62.47563789546258, [0.0, 0.0, 1.0, 0.0, 1.0, 0.0, 0.0, 0.0, 1.0, 0.0, 0.0, 0.0] 
0, 7, 50000.0, [0.0, 0.6594582243744069, 0.0, 0.8288596838938651, 1.0, 1.0, 0.5559594943538679, 0.0, 1.0, 1.0, 1.0, 1.0] 
0, 8, 50000.0, [1.0, 1.0, 0.0, 1.0, 0.0, 0.40545089478645824, 0.0, 1.0, 0.6393590259742321, 0.6839615579185166, 1.0, 1.0] 
0, 9, 50000.0, [0.003221177636330619, 0.0, 0.44698418176128685, 0.20976752094197132, 0.37815413676492027, 1.0, 0.8906868115379761, 0.0, 1.0, 0.7928068812460627, 0.0, 0.0] 
0, 10, 127.87078396323305, [0.0, 1.0, 1.0, 0.0, 1.0, 0.0, 1.0, 0.9973838972006548, 0.0, 0.0, 0.1600987315651724, 1.0] 
0, 11, 50000.0, [1.0, 1.0, 0.0, 1.0, 0.0, 1.0, 0.8892497606523004, 0.24952668814581497, 0.0, 0.0, 1.0, 1.0] 
0, 12, 50000.0, [0.0, 1.0, 1.0, 0.0, 1.0, 1.0, 1.0, 0.0, 0.8192211956387123, 1.0, 0.0, 1.0] 
0, 13, 139.43914798809269, [0.0, 0.0, 1.0, 1.0, 0.38709762153411514, 0.6480853737170943, 0.0, 1.0, 1.0, 0.0, 1.0, 0.0] 
0, 14, 211.4571593757808, [1.0, 1.0, 0.6061360514216176, 0.15726022267654172, 1.0, 0.0, 0.0, 0.0, 0.0, 0.0, 0.0, 1.0] 
0, 15, 93.58962796698381, [0.4176271572604441, 1.0, 0.0, 1.0, 0.0, 0.0, 0.6394663013127625, 0.0, 0.0, 0.0, 0.09609048921656288, 1.0] 
0, 16, 50000.0, [1.0, 0.0, 1.0, 0.3052057171253275, 0.593283468893957, 0.778360553361187, 0.0, 0.4759464514467624, 0.0, 1.0, 0.0, 0.0] 
0, 17, 50000.0, [1.0, 1.0, 0.0, 0.0, 1.0, 0.0, 0.0, 1.0, 0.8790190736150807, 1.0, 1.0, 1.0] 
0, 18, 50000.0, [0.0, 1.0, 1.0, 1.0, 1.0, 0.7000032479311336, 0.0, 0.0, 0.0, 1.0, 0.0, 1.0] 
0, 19, 50000.0, [0.0, 1.0, 0.0, 0.02467579936094133, 0.2145118796002632, 1.0, 1.0, 1.0, 0.6102530591198012, 1.0, 0.5634560613774537, 1.0] 
0, 20, 50000.0, [1.0, 0.6239779450287894, 0.2778178268239093, 0.8482447261826933, 0.0, 1.0, 0.0, 0.0, 0.0, 1.0, 1.0, 0.0] 
0, 21, 41.50126572535203, [1.0, 0.0, 0.27057210465205767, 0.14779128792135587, 1.0, 0.0, 0.0, 1.0, 0.9687796857206209, 0.0, 0.5418752498404693, 1.0] 
0, 22, 131.3364287049251, [1.0, 1.0, 1.0, 0.16789034200268516, 1.0, 1.0, 0.0, 1.0, 0.0, 1.0, 0.0, 1.0] 
0, 23, 389.3867908540354, [0.4597905299802977, 0.4902261322201791, 0.0, 1.0, 0.8762971404727091, 0.0, 1.0, 1.0, 0.0, 0.0, 0.0, 0.6487035100896067] 
1, 0, 50000.0, [1.0, 0.0, 1.0, 1.0, 0.0, 1.0, 0.0, 1.0, 1.0, 0.6776389789411519, 1.0, 0.0] 
1, 1, 210.77225602266859, [1.0, 1.0, 0.05465602014150239, 0.741435512905356, 0.0, 0.0, 0.0, 0.6394754914273773, 0.035438326157513744, 0.0, 1.0, 1.0] 
1, 2, 50000.0, [0.7010659264751825, 0.4456247446669567, 0.0, 0.8839973243975178, 0.2148673071721724, 0.5734183502371866, 0.6358194975158749, 0.3120317679953063, 0.0, 0.8944383531174511, 0.0, 1.0] 
1, 3, 50000.0, [0.9237794118870963, 0.0, 1.0, 1.0, 0.0, 1.0, 0.0, 0.3324708133537411, 1.0, 0.3387312168945118, 0.0, 0.4560400698066439] 
1, 4, 50000.0, [0.6260245768806966, 0.0, 0.7303985690716795, 0.0, 0.0, 0.0, 1.0, 0.0, 0.2513833418978817, 0.3931938551616733, 1.0, 1.0] 
1, 5, 817.477218457162, [0.0, 0.5221487892832796, 0.6589085152205281, 0.1632483722244537, 0.0, 0.0, 0.0, 0.5749845739311652, 0.0, 0.0, 0.5193517986840466, 0.0] 
1, 6, 50000.0, [0.0, 1.0, 0.06651773943314221, 0.8565756348568436, 0.0, 0.20108432135136828, 1.0, 1.0, 1.0, 0.7437541969819204, 0.0, 0.0] 
1, 7, 50000.0, [0.45274715233705254, 1.0, 1.0, 0.5554518766840183, 0.0, 0.8322257895558915, 0.12302410257792229, 0.0, 0.0, 0.5982473006946991, 1.0, 0.0] 
1, 8, 50000.0, [1.0, 0.0, 0.8360006196837029, 1.0, 0.5179506888726388, 0.6923541436592342, 0.0, 0.0, 0.08316197463970548, 0.6027681283990414, 1.0, 0.6760719610855481] 
1, 9, 50000.0, [1.0, 0.0, 0.4920852967287489, 0.7938076070730051, 0.43221236575666977, 1.0, 0.5352994591761648, 0.3742381186697735, 1.0, 0.3623676764587598, 0.7739674546283594, 0.3678314812602085] 
1, 10, 50000.0, [0.0, 0.0, 0.8222408332038222, 0.0, 1.0, 0.0, 1.0, 0.0, 0.0, 1.0, 0.0, 1.0] 
1, 11, 50000.0, [1.0, 0.0, 0.2570628947298494, 1.0, 0.0, 0.0, 1.0, 0.0, 1.0, 0.7645961638681035, 0.0, 1.0] 
1, 12, 50000.0, [0.0, 0.8842868115622344, 1.0, 0.0, 1.0, 0.6253297663236288, 1.0, 1.0, 1.0, 0.3114722491595951, 0.9869810523920849, 1.0] 
1, 13, 50000.0, [0.6402294126676747, 1.0, 0.0, 0.0, 0.5461860471079529, 0.8970636916116326, 0.0, 1.0, 0.0, 0.0, 1.0, 0.0] 
1, 14, 50000.0, [0.0, 1.0, 0.0, 0.761027686082944, 1.0, 0.0, 0.5405124544809456, 0.7202293925850239, 0.7179562037873551, 1.0, 0.0, 0.0] 
1, 15, 50000.0, [0.0, 0.0, 0.0, 0.0, 0.027757617214867913, 1.0, 0.26812082159625306, 0.42846339201920924, 0.41467986843443266, 0.7691565363289031, 0.15688570250052458, 0.18186333172427271] 
1, 16, 50000.0, [1.0, 1.0, 0.0, 0.0, 1.0, 0.852136712506544, 0.6060516862985484, 1.0, 0.0, 0.0, 1.0, 1.0] 
1, 17, 50000.0, [1.0, 1.0, 0.9667269941396954, 1.0, 0.0, 0.1609931392073179, 0.7781068003151039, 1.0, 1.0, 0.04148067632008409, 0.0, 1.0] 
1, 18, 50000.0, [1.0, 0.0, 1.0, 0.0, 1.0, 0.838250054868571, 1.0, 0.0, 0.0, 0.9677703463464274, 1.0, 0.8091721201560803] 
1, 19, 50000.0, [1.0, 0.0, 0.0, 1.0, 1.0, 0.0, 0.2066797006739144, 1.0, 1.0, 0.0, 0.005764665726001594, 1.0] 
1, 20, 50000.0, [0.7829734691720427, 0.37028219341871416, 0.1744385327346712, 0.9706141008307686, 0.6494351180711152, 0.9613980543757275, 0.15539395958497024, 0.5931447911374593, 1.0, 1.0, 0.0, 0.0] 
1, 21, 730.6135492445106, [0.0, 0.5975234928062896, 1.0, 0.9151377630068775, 0.0, 1.0, 0.5878530535302078, 1.0, 0.73811144432263, 0.0, 1.0, 0.0] 
1, 22, 134.72603153206532, [0.8388564757108163, 0.6719468312787733, 1.0, 0.0, 0.9517858773505659, 0.7135671077678403, 0.44906858817248685, 0.8833272112246064, 0.7785060340665751, 0.0, 0.0, 0.48845866877081] 
1, 23, 50000.0, [0.0, 1.0, 0.21662991236457185, 0.5763032589020802, 0.0, 0.0, 0.9323750963801286, 0.0, 1.0, 1.0, 0.0, 0.1725562170475864] 
2, 0, 210.541337857153, [0.9761669729886264, 1.0, 1.0, 0.35323300988053774, 0.0, 0.1096870070992137, 0.30319071557431343, 1.0, 0.42344293191521337, 0.0, 0.0, 0.29758682035912404] 
2, 1, 50000.0, [0.7767010416431438, 0.0, 0.0, 1.0, 0.9036427080487046, 0.8358451911059651, 1.0, 0.197278871246012, 0.971381848730037, 0.0, 0.0, 0.7001363067733193] 
2, 2, 50000.0, [0.0, 0.10128616530718548, 1.0, 0.7770449878091632, 0.0, 0.293874162990347, 0.5317744232224423, 0.5473073776285329, 1.0, 0.08375294142854378, 0.20437507803974464, 1.0] 
2, 3, 50000.0, [0.9482878297677483, 0.8281777496483347, 0.6790548492206406, 0.0, 0.5071053987189875, 0.38195725194017177, 0.7834170398374594, 0.14820434772068836, 0.9199017310584734, 0.3366291920295874, 1.0, 0.38416689444202956] 
2, 4, 121.95186365493379, [1.0, 0.33031258939200836, 1.0, 0.792790990953784, 0.0, 1.0, 0.5248585551606553, 0.16917126295222396, 0.6931363473177953, 0.0, 0.04351179498614727, 1.0] 
2, 5, 148.52403081068326, [0.0, 0.2814165066786998, 0.8559891523235789, 0.20473874365596456, 0.6078041276415354, 1.0, 0.25803539151626687, 0.7991549134500633, 0.6975434582278057, 0.0, 0.9817624689418596, 0.0] 
2, 6, 94.55708186456404, [1.0, 0.9882207525009281, 0.8701226662926499, 0.12764368043390628, 0.0, 1.0, 0.0, 1.0, 0.0, 0.23712765898563065, 0.06341247018614493, 0.0] 
2, 7, 211.23928113857085, [1.0, 1.0, 0.8933138060717578, 0.0, 0.9652408626566559, 0.0, 0.0, 0.0, 0.0, 0.0, 0.0, 0.2630216988150258] 
2, 8, 50000.0, [0.9459323022046182, 0.9046074847004686, 0.27848518640742215, 0.0, 1.0, 0.11471256760401588, 0.0, 1.0, 0.0, 0.5030258429610847, 0.0, 0.0] 
2, 9, 50000.0, [0.8275047723996056, 1.0, 0.11902670365550938, 1.0, 0.49296895571336485, 0.039551122197064914, 0.3434935910805408, 0.0, 0.2674096496325176, 0.7179362550037418, 0.41526513090559763, 0.5360426277308394] 
2, 10, 160.0614643002519, [0.25190296143375834, 0.4307379015851088, 1.0, 1.0, 1.0, 1.0, 0.0, 1.0, 0.40286565545283753, 0.0, 0.0, 0.712357103094125] 
2, 11, 189.97611840470714, [1.0, 1.0, 0.5007049799007167, 1.0, 0.0, 1.0, 0.0, 1.0, 0.5759515193540442, 0.0, 0.24498453548390559, 0.0] 
2, 12, 50000.0, [1.0, 0.33698389426286013, 0.47968579742313056, 0.7126949993822976, 0.0, 0.4202484628524269, 0.0, 1.0, 0.9427705383920171, 0.4159323978913084, 0.0, 0.9732916227499635] 
2, 13, 50000.0, [0.6577107750626828, 0.0, 0.0, 1.0, 0.9626278947833541, 0.0, 0.0, 1.0, 0.3600652477026328, 0.07354986020337373, 0.0, 0.7239397098062607] 
2, 14, 144.383671242059, [0.0, 1.0, 0.675124335326864, 0.7590257383119119, 0.1842685012478526, 0.6740419461365568, 0.0, 0.0, 1.0, 0.0, 1.0, 0.4635726969706273] 
2, 15, 50000.0, [0.04771253472742987, 0.3850975195787337, 1.0, 1.0, 0.0, 1.0, 0.723388480025602, 0.4308501492985131, 0.0, 0.5281280095934516, 0.05150948405963923, 1.0] 
2, 16, 50000.0, [1.0, 1.0, 0.0, 0.9810778168462737, 0.4556855935971206, 0.3859866019890641, 0.5570100177997281, 1.0, 1.0, 0.1761676955835625, 0.09641373307655038, 1.0] 
2, 17, 65.00798325379837, [1.0, 1.0, 0.0, 1.0, 0.0, 0.0, 0.0, 1.0, 0.0, 0.0, 0.0, 1.0] 
2, 18, 50000.0, [1.0, 0.6389923900407117, 1.0, 0.9809859962771461, 0.6369895415569968, 0.9641439689895408, 0.27742780134123896, 0.5945631224826565, 1.0, 0.21699709095516898, 0.0, 0.687994484043253] 
2, 19, 152.5719403337762, [0.18356482435157734, 0.0, 1.0, 0.7249969285533406, 0.2650923635659669, 0.6185594448213804, 1.0, 1.0, 0.4945355618822534, 0.0, 0.3304958151105753, 0.0] 
2, 20, 50000.0, [0.9659953817845064, 0.0, 0.5836869164120959, 0.6481821811408194, 0.6623087624712722, 0.0, 1.0, 0.5571274782546928, 1.0, 0.5749588294808328, 1.0, 0.719558928605228] 
2, 21, 50000.0, [1.0, 1.0, 0.5962189512333834, 0.4449614182239591, 0.0, 0.0, 0.16860768302513182, 0.10773349894760831, 0.0, 0.2171566816730871, 1.0, 1.0] 
2, 22, 50000.0, [0.0, 0.8738698624191445, 1.0, 1.0, 0.3571008260563827, 1.0, 0.878944880731019, 0.584879472614817, 0.7472302307803748, 0.07632459588207904, 1.0, 0.029536164055771252] 
2, 23, 50000.0, [1.0, 0.4680231272758799, 0.964498382427899, 1.0, 0.0, 0.5077129061977673, 0.3102325136355511, 1.0, 1.0, 1.0, 1.0, 0.2672906581777023] 
3, 0, 50000.0, [0.0, 0.4784733397858719, 0.0, 0.0, 0.11426951758487482, 0.0, 0.0, 1.0, 0.7296087851796713, 0.567427683259228, 1.0, 0.8074327964798331] 
3, 1, 50000.0, [1.0, 0.823389668330105, 0.4841038500690018, 0.283780208666091, 0.0, 0.2755196586643438, 0.0, 0.0, 0.6609497486012045, 0.22249501316963888, 0.0, 0.05184119912490498] 
3, 2, 221.5540950608912, [1.0, 0.9782123863607157, 1.0, 1.0, 0.0, 1.0, 0.8797048953582519, 1.0, 0.26710587703957345, 0.0, 0.3127885039900397, 0.0] 
3, 3, 50000.0, [0.4187412198796958, 0.0, 0.5080017174511071, 0.22795252555843482, 0.3159967524247098, 0.0, 1.0, 0.4014603771164554, 0.5024816607988273, 1.0, 1.0, 0.0] 
3, 4, 50000.0, [0.38042060858622095, 0.332648250362391, 0.41214354611567494, 0.13838350224911178, 0.1701399461175881, 0.06750450964830423, 0.03547817449639301, 0.9285553634463035, 0.16676335440661313, 0.33227024719373344, 0.6122625182572237, 0.23634710219517008] 
3, 5, 200.7273282230201, [0.0, 0.0, 1.0, 1.0, 0.6387922851484598, 1.0, 0.170647447761293, 1.0, 0.0, 0.0, 0.34356732540203744, 0.7625462802566736] 
3, 6, 50000.0, [1.0, 0.09383600843480377, 0.0, 1.0, 0.39836511354772186, 0.0, 0.852514763542581, 0.4289026422582187, 0.7296670838996236, 0.7386483227639018, 0.0, 0.6089080354146658] 
3, 7, 336.2494982943947, [0.0, 0.19293348818731748, 0.03839570055862973, 0.3342005179825459, 0.0, 1.0, 0.0490658057666461, 0.2045737235614269, 0.0, 0.0, 0.240887386392769, 1.0] 
3, 8, 50000.0, [0.7564203623612547, 0.7182425665200434, 1.0, 0.29651800615058704, 0.2657570756309698, 0.8222988346571204, 1.0, 0.8127945859188707, 0.0, 0.5918397816787112, 0.8874322752162206, 0.06426699250448736] 
3, 9, 5.173650227707676, [0.42370720983261284, 1.0, 0.0, 0.47940774413480197, 0.3470714163284655, 1.0, 0.03101042061644091, 1.0, 0.11982339157555344, 0.0, 0.0, 0.14485675157096545] 
3, 10, 50000.0, [1.0, 0.811537818077295, 1.0, 1.0, 0.3477666762698946, 1.0, 0.2707027157552299, 1.0, 1.0, 0.869193937139476, 0.0, 1.0] 
3, 11, 465.48318986982133, [0.0, 0.8889386300974909, 1.0, 0.0, 0.0, 0.8814610022968068, 0.5301454592324326, 1.0, 1.0, 0.0, 0.2809048719335203, 0.0] 
3, 12, 130.25717685901847, [1.0, 1.0, 1.0, 0.0, 0.0, 0.7622798444687786, 0.0, 0.2634918503509234, 0.0, 0.0, 0.0, 0.0] 
3, 13, 50000.0, [0.6490902882524018, 0.1270260998360423, 0.7992535595992835, 1.0, 0.0, 1.0, 0.0, 0.0, 0.3970065306346181, 0.4495144714857868, 0.0, 0.5731439883033571] 
3, 14, 50000.0, [1.0, 0.6185898179979066, 0.0, 1.0, 0.6705292229422405, 1.0, 0.0, 0.5566057071147564, 0.0, 0.185234466712832, 0.0, 0.0] 
3, 15, 173.05339889804523, [1.0, 0.19717310544302125, 0.02262648023090641, 1.0, 0.5070263550733928, 0.13312284443781208, 0.0, 0.0, 0.0, 0.0, 0.517058894137923, 0.10745891140509889] 
3, 16, 50000.0, [1.0, 1.0, 0.4020410412981341, 1.0, 0.0, 1.0, 0.3100838047271919, 0.0, 0.36656984154377936, 0.24966290257727528, 0.6727091818706057, 1.0] 
3, 17, 50000.0, [0.015365986663570808, 0.44796262961520045, 0.33256211593819923, 0.555831243871395, 0.4667067971790313, 0.7458235398935412, 0.8659376211181672, 0.3079998778782183, 0.34755105650343493, 0.1714594737367443, 0.765850331254124, 0.4335413939965973] 
3, 18, 50000.0, [1.0, 0.0, 0.33559758079811375, 0.0, 0.0, 0.8985937297093314, 0.0, 0.3633515239783932, 1.0, 0.4894593099138723, 0.9322327866529442, 0.6204981216581481] 
3, 19, 171.32328648716035, [1.0, 0.07971071878248803, 1.0, 1.0, 0.7129664714902794, 0.39132962211034433, 1.0, 1.0, 0.0, 0.0, 0.3130703738702906, 0.0] 
3, 20, 149.75962172280785, [0.34136027733745467, 1.0, 0.6915856229325532, 0.0, 1.0, 0.9433891117328684, 0.0, 0.8489822216929123, 0.4395607199802151, 0.0, 0.0, 0.0] 
3, 21, 1041.8686113847527, [0.06666282782095656, 1.0, 1.0, 0.13190245655867472, 0.0, 0.7777789805097262, 0.169954201765495, 0.0, 0.0, 0.0, 0.3757321298311225, 0.0] 
3, 22, 87.68479889268242, [1.0, 1.0, 1.0, 1.0, 0.6602678127180965, 0.6368324681276056, 0.5005293004435615, 0.11244893214177276, 0.0, 0.0, 0.0, 0.9365850531066415] 
3, 23, 426.37956616623836, [1.0, 1.0, 1.0, 0.19190890103234787, 0.3800347585217493, 0.0, 0.0, 0.43118703217622983, 0.06156292110790196, 0.0, 0.24347623858347534, 0.7112114435616003] 
4, 0, 50000.0, [1.0, 0.6966082677910531, 0.6719207156577423, 0.778167078414211, 0.47899780874359416, 0.9966027381448813, 0.0, 0.0, 1.0, 0.1526724900937378, 1.0, 0.0] 
4, 1, 50000.0, [0.742411113717806, 0.6198262396363265, 0.6287116140224369, 0.5183170764000914, 0.2625446617173245, 0.0, 0.18777156191727992, 1.0, 0.1323448398835827, 0.3371636831989975, 0.29551600665131295, 0.0] 
4, 2, 50000.0, [0.7849784790890479, 1.0, 0.5908764163804066, 0.47636086068527445, 0.0, 0.0, 0.0, 0.0, 0.0, 0.3652472925788957, 0.0, 0.0] 
4, 3, 50000.0, [0.6795170579066083, 1.0, 1.0, 0.33575098147868354, 0.0, 0.18505564109991823, 0.0707606905189774, 0.48585514390564355, 0.904218054046902, 1.0, 0.0, 1.0] 
4, 4, 2.0352836668214294, [0.9695584287970047, 0.956941842513234, 0.0, 0.0, 0.5410149307224923, 1.0, 0.0, 0.6544170641403821, 0.0, 0.0, 0.0, 0.7012620173401365] 
4, 5, 195.4472409674409, [0.8218528716172141, 0.772263288506238, 1.0, 0.9772063841160203, 0.4535897174557338, 1.0, 1.0, 1.0, 0.0, 0.0, 0.5659508168038896, 0.0] 
4, 6, 50000.0, [1.0, 1.0, 0.5682495864231107, 0.0, 0.8128194072319384, 0.7688145108074277, 0.0, 0.10925601374013005, 0.5133728253502985, 0.9386447237760872, 0.0, 0.6412899637141305] 
4, 7, 50000.0, [0.9273034558038877, 0.8025798812702458, 1.0, 0.18582012988954055, 0.2360794676887618, 0.0, 0.19698063828861662, 0.33138765934590875, 0.053389434654612884, 0.33421389434983917, 0.0, 1.0] 
4, 8, 50000.0, [0.6633182986193034, 0.8513883995866045, 1.0, 0.18432718269095216, 0.9006753421681897, 1.0, 0.6494311111001263, 0.6359636203754221, 0.39716169769607274, 0.8633474006254958, 0.0, 0.0] 
4, 9, 81.57610899865472, [0.6659776794552884, 0.22840561506403012, 0.0, 0.39480735020273683, 0.0, 1.0, 0.4481609965541028, 0.0, 0.0, 0.0, 0.0, 0.4441346548266818] 
4, 10, 94.15790190596594, [0.47116655655594863, 0.028925241599219942, 1.0, 0.32551701060160876, 0.14707611327129627, 0.0, 0.1353964343259334, 0.6120924947778619, 0.0, 0.0, 0.08330643565959771, 0.6764196342718991] 
4, 11, 165.8914432455348, [0.5029100910319328, 0.0, 0.28047607354228665, 1.0, 1.0, 0.7830077086171702, 1.0, 1.0, 0.12977819441216035, 0.0, 0.0, 0.0] 
4, 12, 50000.0, [0.4330385637517413, 0.49962039878349707, 0.878736518499509, 1.0, 0.5431568590416163, 0.5274120576815255, 1.0, 1.0, 0.07797815148608804, 1.0, 0.6119896178462108, 0.0] 
4, 13, 187.86264004524537, [1.0, 0.23403341757215645, 1.0, 0.48008409640884475, 0.8430868080103939, 0.865830787437258, 0.0, 0.0, 0.0, 0.0, 1.0, 0.37055069880432423] 
4, 14, 915.160578543273, [0.0, 0.23541415251237563, 0.7017953606837061, 1.0, 0.0, 1.0, 0.0, 0.0, 0.0, 0.0, 1.0, 0.35694676406954884] 
4, 15, 50000.0, [0.27416639511298857, 0.297506391849024, 0.37098600385740166, 1.0, 0.38873670526696863, 0.2565866637250176, 0.14913579421241185, 1.0, 0.22205109281583324, 0.07222146315295108, 0.3458293781971807, 0.47367006481894036] 
4, 16, 34.1947777112683, [0.9162031443287353, 0.0, 0.47883304788461606, 0.07718805878238516, 0.0, 0.9121558862921524, 0.6441627659555869, 0.5253287112084284, 0.7346654140026054, 0.0, 0.0, 0.49852412987862194] 
4, 17, 55.28776573655193, [0.6300667721319211, 0.0, 1.0, 0.1745067880509656, 1.0, 1.0, 0.2388921727474558, 0.0, 0.596154714338934, 0.0, 0.33863671444237986, 0.4955634383916746] 
4, 18, 50000.0, [0.0, 0.4330431420166158, 0.40702125579846427, 0.18488704464629213, 1.0, 1.0, 0.0, 0.0370612734052268, 0.0, 0.31088692995137907, 0.0, 0.6205402743515359] 
4, 19, 50000.0, [1.0, 1.0, 0.06360450886272961, 0.06833152580786339, 1.0, 0.17066591373868645, 0.611970671597898, 0.0, 0.5470745330873117, 0.6496520128156418, 1.0, 0.935863716220497] 
4, 20, 50000.0, [0.6622861958912283, 0.8818789476314012, 0.5858567169580117, 1.0, 0.0, 0.0, 0.2958138846305256, 0.39717609174046653, 0.0, 0.44644685172951204, 0.006376256300365216, 0.0] 
4, 21, 50000.0, [1.0, 0.0, 0.0, 0.0, 0.8828102867218621, 1.0, 0.0, 0.6101122500497839, 0.0, 0.0, 0.0, 0.7590099829313367] 
4, 22, 92.49690160919832, [0.6786226805495134, 0.908337593182626, 0.8653647369559312, 1.0, 0.5655256765479048, 0.12811419787391587, 0.7588037424488343, 0.23661429737120238, 0.0, 0.0, 0.0, 0.20824926281044281] 
4, 23, 51.80963371980559, [0.9253583542207048, 0.3188499873409487, 0.5500629651364544, 0.0, 0.0754099180094075, 0.37215670476109636, 0.0, 1.0, 0.7324699774641273, 0.0, 0.046544383429676345, 0.5763797807711724] 
5, 0, 50000.0, [0.5092037726150078, 0.8624477731807767, 0.10145021058902592, 0.3214900644385278, 0.6608719514248329, 0.46151845060283114, 0.9888469384188336, 0.8342529043213255, 0.05010061952651851, 0.5223420444000358, 0.7422814483935707, 0.37669957517247854] 
5, 1, 137.41784625000523, [0.4268190961693037, 0.7295930497105982, 0.05682949392045733, 0.29919109932395566, 0.6888456821412974, 0.15997590114462112, 1.0, 1.0, 0.0, 0.0, 0.3465877436051357, 0.7613114333444663] 
5, 2, 88.70520105285777, [0.016477386093876056, 0.9007285691142677, 0.8942961392683383, 1.0, 0.22462751659671357, 1.0, 0.0, 0.1911718243903095, 0.0, 0.0, 0.17054829919628992, 0.5075504469711191] 
5, 3, 5.971144833278661, [0.8781368694440368, 0.43809471259638705, 0.0, 0.060129128621568495, 0.6144358213026719, 1.0, 0.0, 1.0, 0.0, 0.0, 0.025643713131166423, 1.0] 
5, 4, 69.29238433809054, [0.0, 0.0, 0.06984394683947964, 0.324070379359744, 0.0, 0.15848916807964375, 0.0, 0.0, 1.0, 0.0, 0.0, 0.48757213389936743] 
5, 5, 80.82077585773912, [0.43076050067983995, 0.10842555852797997, 0.4705193911099778, 0.0, 1.0, 0.0, 0.9099709866646553, 0.10503225923908965, 0.0, 0.0, 0.4700654596272039, 0.641835892111539] 
5, 6, 50000.0, [0.7506590476951629, 0.2721422932907668, 0.15505523528016274, 0.0, 0.0, 0.8073575211939165, 0.25899061526821693, 0.0, 0.4962878937068327, 0.22201009489156082, 0.0, 0.015526666748656548] 
5, 7, 50000.0, [0.5782428012797234, 0.6599433814216294, 0.6421222485680486, 0.2674037925871597, 0.6114381174722481, 0.029121223566282883, 0.07427311376502041, 0.8614408005107455, 0.6897533722806276, 0.13464565728020753, 0.23262367219356012, 0.8471731037892921] 
5, 8, 50000.0, [0.04635852842707311, 0.9589734186355235, 0.6920541862272226, 0.10632473266883899, 0.012176859835805187, 1.0, 0.0, 0.6554253234006034, 0.0, 0.20813748383807895, 0.2989364311948283, 0.7538018863296617] 
5, 9, 50000.0, [1.0, 0.5534084573533489, 0.9167229603835304, 1.0, 0.07058385102283316, 0.5446566891818787, 0.20508789440598266, 0.160758876664561, 0.0, 0.1287672282836786, 0.0, 0.8320102768358517] 
5, 10, 50000.0, [1.0, 0.7451389824414638, 0.1848887821502937, 0.0, 0.11838545800393069, 0.5641942487236096, 0.0, 0.30252197050646573, 0.847528547729302, 0.5496147206680179, 0.0, 0.26007043649448325] 
5, 11, 149.56984142786493, [0.7573873861948868, 0.37933691365075484, 0.286511727152119, 0.3686165902787143, 0.4266732432845274, 0.9648470779634741, 0.21641773417726357, 0.4540680012706904, 0.0, 0.0, 0.0, 0.1249884942622147] 
5, 12, 50000.0, [0.524480357792028, 0.49561462441193527, 0.849424826074475, 0.4034844970049759, 0.7952663306572474, 0.4909794413579341, 0.26515405670285, 0.3266148396082395, 0.6896889258176149, 0.3662194556636769, 0.1368793983158289, 0.7960353379990539] 
5, 13, 212.66195024379908, [0.7969074056781315, 0.0024317429750378983, 0.05057595164520745, 0.00639594153507006, 0.5062314762045386, 0.9817864162739639, 0.9431909829140066, 1.0, 0.0, 0.0, 0.0, 0.0] 
5, 14, 50000.0, [0.6082021697754281, 0.20670859298120675, 0.0, 0.7054017921160567, 0.17473169903391567, 0.5174698091975684, 0.5693033951324402, 0.6792763103940369, 0.11173168677494258, 0.40432252230717114, 0.8467711293330686, 0.035489868077169084] 
5, 15, 50000.0, [0.9670704717891414, 1.0, 0.8263292592499032, 0.0, 0.40608312597128327, 0.8710163553449585, 0.016171129184096078, 0.1180726765738997, 0.7843563866075116, 0.6423944647689197, 0.0, 1.0] 
5, 16, 50000.0, [1.0, 0.7713572526940432, 0.13422872459890978, 0.2318356719379498, 0.13947853798736531, 0.0, 0.20015636037350953, 0.5817888154269752, 0.0, 0.5393302537570878, 0.0, 0.46958572933605613] 
5, 17, 144.3905124220105, [0.4801227676931073, 0.0, 0.7052186798326923, 0.48869781132651013, 0.0, 0.19329826265891792, 1.0, 0.12839468887318384, 0.0, 0.0, 0.1700336870451738, 0.8118083297284722] 
5, 18, 50000.0, [0.8405538946289515, 0.14436977712176963, 0.47598625991102034, 0.5213594853429442, 0.4942540159491168, 0.08971640697098426, 0.7623121264174687, 0.688181635376903, 0.1410525078994705, 0.35412499893212684, 0.026261971356926914, 0.5738990660590881] 
5, 19, 50000.0, [0.6506438187041896, 0.884461779621344, 0.2543513694797102, 0.36230036434653323, 0.0, 1.0, 1.0, 0.6507256024994363, 0.0, 0.09595622465832773, 0.3542889846475451, 0.6224745146503434] 
5, 20, 50000.0, [0.7681431572446614, 0.9661201989242117, 0.7370060238088634, 0.13718513040667152, 0.2515459612266314, 0.6405173391818856, 0.5114871849645184, 0.007151815322031352, 0.3156268295162359, 0.03485240280352476, 0.2378194328222097, 0.6615910767136668] 
5, 21, 50000.0, [0.9195849496825005, 0.21363394954358655, 0.2394622268489112, 0.5830342685523875, 0.29869290713945706, 0.8191217827469026, 0.12149323071193244, 0.5127909799625646, 0.13139679339635732, 0.0920548666891606, 0.13495618670759674, 0.20644552183144632] 
5, 22, 163.42028750595887, [1.0, 0.0, 1.0, 0.5377543766980313, 0.41900286243725465, 0.9940537880720149, 0.0, 1.0, 0.3553541269802741, 0.0, 0.0, 0.0] 
5, 23, 170.86472026738682, [1.0, 0.4591319437676884, 0.22888844535050656, 0.0, 0.020256075532395, 0.17834352557993216, 0.5425578929835045, 0.9210297910991097, 0.0, 0.0, 0.0, 0.008956778137102661] 
6, 0, 50000.0, [0.9108399802010709, 0.6763733976384689, 0.3925616639147304, 0.4547219731312658, 0.0783954357419856, 0.04856508947716537, 0.39751518907878824, 0.36566499336692193, 0.44855637955863537, 0.4147586640799982, 0.15971905285945787, 0.8174560424231332] 
6, 1, 50000.0, [0.4088073138639912, 0.9452739764708206, 0.5780220127290128, 0.7826377912049645, 0.7029789412042533, 0.1901412421806966, 0.6758686188193289, 0.7213344133774133, 0.30554492831710856, 0.2997040237983763, 0.04719713179632877, 0.7866330775987571] 
6, 2, 50000.0, [0.7218986712461714, 0.18237107844469205, 0.9004247869866667, 0.6373042499333189, 0.5316535091681407, 0.42963683623276333, 0.19239556744160272, 0.8725645048868982, 0.22806354650160895, 0.15844121775555706, 0.009218083342918876, 0.8154610322477046] 
6, 3, 50000.0, [0.7787762515030419, 0.4354953320217498, 0.11794913844046351, 0.16351629754089195, 0.012532726355784007, 0.5513196199421088, 0.1395994995588927, 0.7544419216261572, 0.4984199552682068, 0.20458022965044348, 0.48465631931827363, 0.5755550683932396] 
6, 4, 50000.0, [0.0, 0.0, 0.0, 0.647474856997135, 0.32031056950352604, 0.6197811120991004, 0.6797448488058799, 0.776952872856116, 0.7542781358683884, 0.0, 0.8651763283577893, 0.6715890804895981] 
6, 5, 50000.0, [0.6943288111949154, 0.0, 0.39368380832661826, 0.6628676561737639, 0.7001681505276547, 0.017400142426817533, 0.7773781894072034, 0.01840417034449454, 0.28199517804275065, 0.3771927191147176, 0.11943733036017332, 1.0] 
6, 6, 227.49418498752513, [0.0, 0.0, 0.77407233156365, 0.3648914297725504, 0.25966580512416715, 0.30191438537207727, 0.0, 0.09805233693651177, 0.5760017180181237, 0.0, 0.0, 1.0] 
6, 7, 50000.0, [0.19080177672700016, 0.4920055722958669, 0.5472215440220702, 0.4395122876956744, 0.6086634525348529, 0.7748497188523372, 0.7986423917357557, 0.3703583231674217, 0.5443261994933848, 0.6379577695864485, 0.4779103446403601, 0.177221623492886] 
6, 8, 50000.0, [0.4738256293717408, 0.43534160453532017, 0.10200881949949228, 0.13828840714821866, 0.8750840542804688, 0.43140283907763977, 0.8824609306745843, 0.43948696630505174, 0.193361968751368, 0.4776649142682572, 0.1334278621287097, 0.30535129012505696] 
6, 9, 50000.0, [1.0, 0.9766066190561729, 0.0, 0.5515974336098881, 0.4311895710883392, 0.0, 0.7515607395625657, 0.46313491027627884, 0.6539809169688782, 0.11894718944927546, 0.5229006467800383, 0.4839485631219034] 
6, 10, 50000.0, [0.4064086330788404, 0.0, 0.0, 0.0, 0.5405054638210398, 0.45185534364180413, 0.36977214742157055, 0.41449526028693773, 0.5640978731241738, 0.19216715562334824, 0.0, 0.9635612981612109] 
6, 11, 50000.0, [0.6285315501878086, 0.9744602726016585, 0.3784102782639101, 0.11395275280170111, 0.14138916451842704, 0.3762867784989037, 0.32012674256256857, 0.6948141061759089, 0.4400156805341754, 0.12163910838217397, 0.25421343341480557, 0.9494362670329151] 
6, 12, 50000.0, [0.6567435767263174, 0.6042704157287807, 0.22319689985996205, 0.5078246698600446, 0.7510025921671796, 0.498032052780546, 0.6716541837994245, 0.4247250415644034, 0.28014872255267553, 0.20245374889268383, 0.3955084519138081, 0.09170756892676557] 
6, 13, 214.2930546932554, [0.9598859381634091, 0.5444918496939932, 1.0, 1.0, 0.14346488936289598, 0.2327543732686032, 0.0, 1.0, 0.67534851864972, 0.0, 0.7164448367239301, 0.0972127938556997] 
6, 14, 50000.0, [0.832559476573888, 0.4226645371684179, 0.15572722746748593, 0.9156230525302238, 0.42700312041864674, 0.5209330827081198, 0.15989396259734923, 0.4062406193299975, 0.35043355806301313, 0.4309847105877252, 0.44745058988308795, 0.4628807118742293] 
6, 15, 50000.0, [0.7465675840607302, 0.5126608516831505, 0.7679056931051779, 0.8722428394249201, 0.3942807944175102, 0.5092641586170379, 0.9401076285962535, 0.2197702904024792, 0.48112617866811824, 0.8562394849378363, 0.45743205012673116, 0.44920991543198396] 
6, 16, 50000.0, [0.6592142113221673, 0.18818237755128667, 0.36614002377755694, 0.5699950004976657, 0.6378003652572944, 0.9117002866077033, 0.16877905734369825, 0.01774090336888634, 1.0, 0.0, 0.0, 0.8031705820714155] 
6, 17, 38.96705486678264, [0.5014847723192768, 0.29079076439573, 0.1301275687381668, 0.0, 0.8266047331982398, 0.848714847200293, 0.2733731326099661, 0.6871263124306417, 0.5156065223264031, 0.0, 0.0, 0.521579192694913] 
6, 18, 164.7583346319648, [0.4349335286463561, 0.21797150027601025, 0.44287477348882986, 0.3451395973508424, 0.0, 0.6651193914260836, 0.3678432751430248, 0.0, 0.10141324047770076, 0.0, 0.47809439197949033, 1.0] 
6, 19, 50000.0, [0.5892574555298565, 0.5124694371685881, 0.9974844962255802, 0.24234060751402314, 0.6179121790717906, 0.787372926589812, 0.13906118784348187, 0.7858158527821879, 0.36052617605261816, 0.41692626162563623, 0.2565350621197212, 0.3741149000971136] 
6, 20, 50000.0, [0.17625550199005374, 0.0, 0.6737289700706792, 0.0, 0.5770046582053374, 0.6627197036534143, 0.0, 0.4122817300499204, 0.6082742880855954, 0.3756759671475359, 0.2970686477864585, 1.0] 
6, 21, 144.70787378979034, [0.7663887160288937, 0.2756636173790606, 0.6430051314598343, 0.7804655968402494, 0.28473022081390803, 0.15996830448438693, 0.0, 0.9262460022932286, 0.0, 0.0, 0.0, 0.3436374278845241] 
6, 22, 159.77817252046196, [0.5090635621595064, 0.6314653267467221, 0.3001298262817889, 0.02067721227667413, 0.2564102966224845, 1.0, 0.43811709776657826, 0.5367159437323008, 0.0, 0.0, 0.0, 0.7120927790753071] 
6, 23, 50000.0, [0.020942805952548327, 0.4612108519909549, 0.6141652317883977, 0.5255961462056581, 0.8739549537321443, 0.7882696282072134, 0.5824833843678476, 0.1623739989381865, 0.17828188781771195, 0.28988892377033676, 0.2969915325424056, 0.06862581555217762] 
7, 0, 50000.0, [0.9286904725566837, 0.521615836652413, 0.7225340825643876, 0.47121280397713955, 0.8877595594039983, 0.1598251958386907, 0.41963625058927845, 0.963872957571575, 0.33775235366066914, 0.30741334532834047, 0.11579912496280917, 0.5601245350689483] 
7, 1, 50000.0, [0.07325704852491932, 0.13517091481723398, 0.1998947626871127, 0.7380124266225017, 0.1521022678464993, 0.45461202089666763, 0.3746058724997731, 0.2528244623413391, 0.3493599777785479, 0.24167130942372417, 0.7714576296491402, 0.9740939826406079] 
7, 2, 50000.0, [0.5135935140651262, 0.5527638978759605, 0.038733936417206516, 0.1673930820702522, 0.21422314271684834, 0.5482051075996475, 0.35458796572895024, 0.17881963764383002, 0.12270515435323381, 0.2321268939952431, 0.4333138564970896, 0.8672791539521809] 
7, 3, 50000.0, [0.7734304977836287, 0.6622784093882039, 0.3286236351154278, 0.717480411130043, 0.4684234728864443, 0.4035317189057654, 0.28575992192964345, 0.7989497522540954, 0.07303084579856192, 0.12746453320789203, 0.40872027670295885, 0.6309723477552223] 
7, 4, 50000.0, [0.8945620225322731, 0.4282932912058537, 0.23726888797272747, 0.439519545899486, 0.5215069526267619, 0.3950850723206609, 0.6391286468835129, 0.29553084508552596, 0.28098914771414973, 0.31841438766304514, 0.39956464053593177, 0.7667266782456996] 
7, 5, 50000.0, [0.3349747371671786, 0.9730829391279491, 0.6075056500982137, 0.04720907545434905, 0.5112468207882737, 0.19034575766299394, 0.596758555807475, 0.44009183383167305, 0.1870606722039967, 0.2146896737726171, 0.037237915202401425, 0.6139192960889083] 
7, 6, 50000.0, [0.5376570311626283, 0.2610972611330371, 0.7621960908941386, 0.377153902837322, 0.0029266156063572635, 0.03528507510395196, 0.2479626820842752, 0.6853680911906624, 0.7308999029684495, 0.1739027405793286, 0.3435785759297255, 0.1946036021948941] 
7, 7, 50000.0, [0.8684813256990196, 0.08186094361025448, 0.5780236778298259, 0.2763326132511103, 0.2322083362692932, 0.37085312389307745, 0.49561670653468454, 0.33941501186531553, 0.19027473201629375, 0.226221672880206, 0.3194760121127888, 0.9674448655370467] 
7, 8, 53.576460170952544, [1.0, 0.5352496393789434, 0.5369301709881643, 0.14074269356794064, 0.3492789037978898, 0.4961989313069153, 0.4966168448438543, 0.7210857668167684, 0.46925126721289134, 0.0, 0.0, 0.5116605508546598] 
7, 9, 50000.0, [0.93533337886457, 0.6873382519639379, 1.0, 0.7706839384848676, 0.4659933468183922, 0.47590904663600747, 0.07937081276884753, 0.32293175194009865, 0.20961637476506617, 0.019447846118047705, 0.9821953656515122, 0.2834310097056792] 
7, 10, 50000.0, [0.5733176592424525, 0.59829828170838, 0.9302995262542962, 0.7084208982946021, 0.48948548457511126, 0.5078244350526551, 0.27540855931264585, 0.7305445611943895, 0.21387104887959857, 0.3198550271006341, 0.24632836936725153, 0.6623011610444859] 
7, 11, 50000.0, [0.5456674041346304, 0.2934214784448719, 0.7418561690981395, 0.38366899324032416, 0.27452472828632657, 0.06801647357226265, 0.6153902460877985, 0.27081931561870165, 0.15482309342744466, 0.13243829728934373, 0.6600035361706781, 0.47301822115154724] 
7, 12, 50000.0, [0.6977304611970275, 0.09484848084353015, 0.8248339516217438, 0.47282621413709747, 0.3992055785742856, 0.6749665893401638, 0.22994442752689828, 0.7538619155370475, 0.39945352028270087, 0.022892745307766037, 0.4499335613559354, 0.9430836382128394] 
7, 13, 50000.0, [0.7600456596964513, 0.8856406786658807, 0.5135216310357642, 0.3928816120331291, 0.3245596937599709, 0.6759567874245263, 0.3191431156074563, 0.513981396592711, 0.27044240491268756, 0.0890554937070838, 0.07395943414839584, 0.4902668472119869] 
7, 14, 50000.0, [0.4633454104286758, 0.7641135423072798, 0.06281007932192728, 0.15873030017498777, 0.06582457884324378, 0.3570846094279284, 0.5525548985164124, 0.4661042097162565, 0.7413152775597096, 0.4288998967136626, 0.7126495193692352, 0.6802342905371536] 
7, 15, 50000.0, [0.5876450369930921, 0.6906772074780194, 0.3425532929639223, 0.0023905151078358333, 0.470239446155534, 0.5130428159882351, 0.3064036945525742, 0.5102057665060864, 0.2781878489718398, 0.5488268210439697, 0.24874149299431023, 0.19157937252108714] 
7, 16, 50000.0, [0.7911045197981499, 0.7085896393116318, 0.9078213834904729, 0.961376541043385, 0.8961363219647659, 0.7065984286597622, 0.07185667796904291, 0.8821148801038678, 0.7843742684990636, 0.37609542172630717, 0.633993882380132, 0.3005367935458013] 
7, 17, 50000.0, [0.9696471372620075, 0.2835699519236373, 0.6165767081088593, 0.5984047825853261, 0.3620296048188014, 0.2805654282939314, 0.6332660735030735, 0.7121942183207524, 0.25758886641499096, 0.4482684001176482, 0.5571208857537242, 0.4439932206565143] 
7, 18, 50000.0, [0.9146322267668625, 0.12468891075486843, 0.5037277087447075, 0.4638904208642841, 0.641249311744664, 0.5727176937438909, 0.34932777236874707, 0.8861830706449474, 0.05673367301446108, 0.46398624414293793, 0.5886664872351584, 0.34926918790942957] 
7, 19, 50000.0, [0.08367415040928822, 0.29675283527967183, 0.21071926616638484, 0.4629028454587447, 0.7740629533203343, 0.6914501861156077, 0.2704773259792893, 0.22014529553905288, 0.17350988384091792, 0.5106513422408436, 0.3285612621191952, 0.25408880586496163] 
7, 20, 50000.0, [0.09268560939162562, 0.2157649083166883, 0.1530943284501638, 0.854156146055888, 0.7544751255317991, 0.8417058902651123, 0.2463840851929082, 0.5762417264126114, 0.20121744593478283, 0.3435557517425948, 0.5431736638889824, 0.9695141728582077] 
7, 21, 50000.0, [0.5115840078221321, 0.6865086677767196, 0.9089476357218669, 0.6550171180911936, 0.01756400739235975, 0.39900061322933916, 0.8926636914129715, 0.3901370024112414, 0.13179828232950674, 0.008891280587498565, 0.4531898057602178, 0.31863565961577867] 
7, 22, 50000.0, [0.4349607001584619, 0.3501270428837691, 0.48820907567537203, 0.5959043501181258, 0.08768487847847811, 0.7586643512509941, 0.4591192482759038, 0.6983293450416177, 0.0594837058144107, 0.2334405450127993, 0.7685107438212766, 0.5450907215924097] 
7, 23, 171.68347892769177, [0.0, 0.47986354754279037, 1.0, 0.9438598424693949, 0.6231057230771371, 0.2744604066166575, 0.42736042288483345, 1.0, 0.0, 0.010963288382343943, 0.023488147607926446, 0.5348474333928483] 
8, 0, 50000.0, [0.6376781315726159, 0.6697040143937167, 0.49365980408328625, 0.43388073346533007, 0.8292825349984843, 0.8803659110553608, 0.0804469143072189, 0.44787297899546263, 0.328780334906776, 0.042724033976591025, 0.6147824991644026, 0.5635034008026819] 
8, 1, 50000.0, [0.24240304503416615, 0.24536450328254078, 0.5168000275571791, 0.3734966321530744, 0.5268445075111954, 0.24145372617868358, 0.6110453945555674, 0.6443072062828664, 0.12172779763711145, 0.5898358071564381, 0.025020956188580412, 0.5524685275392525] 
8, 2, 50000.0, [0.7166062486655624, 0.48523775313853146, 0.715125190566751, 0.3497347132130072, 0.18916355718859584, 0.42077773127630413, 0.6396326530821546, 0.8790634364466474, 0.35774688253860215, 0.5429622628343602, 0.4202955383245972, 0.9528893616653221] 
8, 3, 50000.0, [0.8518254345719828, 0.2542072795298027, 0.946693493518318, 0.8502935266147771, 0.3863634889034566, 0.19676328035872395, 0.5623919543329597, 0.7975966860806349, 0.07277711986620941, 0.022458713591404472, 0.15843974938568714, 0.5348755617180774] 
8, 4, 50000.0, [0.38442431502973917, 0.5403773252381845, 0.8169466554232823, 0.5871850315375107, 0.20355556685726003, 0.45874504860136367, 0.3734952347978888, 0.6660499633420413, 0.24975523223037494, 0.06212159043211642, 0.653962018516258, 0.22444925088332135] 
8, 5, 50000.0, [0.7462421483112982, 0.32573762136599677, 0.6429547867099503, 0.8236999258925208, 0.3044253477284486, 0.014549519281133905, 0.7783195537697355, 0.42462418805088653, 0.04961422420895595, 0.3110609985855665, 0.49618003542988054, 0.8339196541075007] 
8, 6, 50000.0, [0.6129550252538086, 0.2451174185194706, 0.6511740149055185, 0.8997440256421723, 0.6059354131222991, 0.2606877819790948, 0.5283415407586037, 0.54196408142798, 0.8766561782521486, 0.07663455424002283, 0.291318258780025, 0.28059795424997197] 
8, 7, 50000.0, [0.8777908637200479, 0.10189034056900126, 0.3172750780442245, 0.2174634939219951, 0.2957315666879018, 0.8617747188470208, 0.24751975592361095, 0.2954218910152756, 0.8690371597159259, 0.1572322350445126, 0.02101572688510947, 0.33864069087713555] 
8, 8, 50000.0, [0.21128810130778092, 0.06235891898399509, 0.7665918543400696, 0.5012782501816746, 0.15615392978500642, 0.5223515194698025, 0.7405561692696019, 0.7537704017409508, 0.3174458474152465, 0.36567400852712917, 0.08950652777928433, 0.7428710701843585] 
8, 9, 50000.0, [0.4739369303643493, 0.6655659839674627, 0.30167904800594686, 0.25968769649739976, 0.02589989034593232, 0.19332364361273685, 0.24591101566234705, 0.517976404595174, 0.19840731265540137, 0.022434280605438825, 0.40898446061143645, 0.9722530553231232] 
8, 10, 50000.0, [0.5244896738555289, 0.6552317296133526, 0.8613679427180201, 0.22708016445032358, 0.25325651277692457, 0.5386542408208186, 0.6681837802078291, 0.1868744872483089, 0.49599513056342837, 0.38492129966791705, 0.3322021943402643, 0.6933005290321382] 
8, 11, 50000.0, [0.16717849524265882, 0.8538382336154858, 0.3057487728991288, 0.7542905040000605, 0.032482022457150816, 0.13507452893649058, 0.05112531550069449, 0.8418076631407319, 0.4509187531084584, 0.5016966187943015, 0.3194256473220278, 0.7169525966880075] 
8, 12, 50000.0, [0.667806475856469, 0.3438395651528823, 0.38285337644343553, 0.305996233226131, 0.679062524633763, 0.4962185353055243, 0.14856057560139274, 0.4371453767893786, 0.6696631390771781, 0.02165538537386054, 0.3168366423052421, 0.496622221423616] 
8, 13, 50000.0, [0.827867231728743, 0.5861738863239445, 0.8852879721638098, 0.13906686696243753, 0.3374396705641914, 0.9409315715923492, 0.6110795271709379, 0.5182967823242843, 0.6229892354836869, 0.15663288681763063, 0.10378468241342251, 0.3323592983387163] 
8, 14, 50000.0, [0.8541946974211081, 0.9289886553899123, 0.7257548160583825, 0.5602179922186769, 0.8181896699823648, 0.49977364515655465, 0.10856518599643733, 0.19288827504671513, 0.48218095845421804, 0.06023254886243416, 0.38123820739470426, 0.5283888059415517] 
8, 15, 50000.0, [0.23843742785969252, 0.6068995548510692, 0.5537367637549561, 0.9736890813062066, 0.571415625672428, 0.31764113228727325, 0.273840037248006, 0.4885829532571595, 0.5045284421937288, 0.12524263726729784, 0.2847195442300562, 0.5317527393713366] 
8, 16, 50000.0, [0.4593512545573502, 0.9128840335804642, 0.33611993955146735, 0.5885246977641415, 0.37851682109768814, 0.14106534390594164, 0.25677254492261087, 0.8993483023459798, 0.6776939523864441, 0.2837135301835904, 0.048238556842625624, 0.5794886541592199] 
8, 17, 50000.0, [0.8559366888284153, 0.9762701518568078, 0.15111619301279972, 0.6176262431116997, 0.34960092477795385, 0.29082702549383554, 0.29761271638102493, 0.613251535703822, 0.30978248266447606, 0.9370040434038996, 0.10299590216609683, 0.1352694018252789] 
8, 18, 50000.0, [0.43625821351668936, 0.29887435722797695, 0.9275382911352389, 0.8838306691139852, 0.6161351619610381, 0.29922463445672626, 0.6180051863427003, 0.5801469833439445, 0.3270441344254422, 0.44590056408447526, 0.2638626089528373, 0.4875130396593703] 
8, 19, 50000.0, [0.8527600772528161, 0.634043811303322, 0.9324272024131595, 0.6223643551122654, 0.5770008541118118, 0.2101807626389087, 0.19137489511728717, 0.8817152012129534, 0.6566490585374345, 0.21116148857467956, 0.21706307821481438, 0.10478915225618801] 
8, 20, 177.4265820582742, [0.18176803207071646, 0.3206598875115049, 0.6031877836925403, 0.7997505204714304, 0.060605241404577626, 0.4674443539439202, 0.2785862805149053, 0.5611984447515296, 0.4495211733579827, 0.00586325920566573, 0.2372176087006764, 0.4226014778243318] 
8, 21, 50000.0, [0.22168858507963862, 0.7011337782893605, 0.541101192255475, 0.37291452578621004, 0.2574711654021864, 0.06178822830552677, 0.8335086816338042, 0.8553282935740574, 0.12144680285783871, 0.47247374667287206, 0.3680707755213951, 0.7281152886976425] 
8, 22, 50000.0, [0.6842425094499007, 0.491550890659532, 0.6967526085382891, 0.415881590397224, 0.23989826000625744, 0.6162394523966743, 0.6283530296648352, 0.737588453295819, 0.2676600935987439, 0.2967858499151708, 0.051402868797901735, 0.7067314809856309] 
8, 23, 50000.0, [0.954376003785893, 0.7465789178565022, 0.49339005939642533, 0.6127787055437222, 0.31482791160686546, 0.08089700251203263, 0.4828169791834726, 0.06756205044310382, 0.11486128242483293, 0.38725371146041976, 0.011555342888342562, 0.5559817241079806] 
9, 0, 50000.0, [0.19421322394468593, 0.31046899383388477, 0.36827744248727634, 0.4543558492709467, 0.031972703050447526, 0.42905642709696, 0.3452701039237176, 0.6284709362292216, 0.09951690608365926, 0.4187588237158978, 0.47117548251902575, 0.6144368662542966] 
9, 1, 50000.0, [0.10784783500561412, 0.18885375233227117, 0.5583670515182397, 0.9103457834627544, 0.3015686385611474, 0.2998941755133042, 0.18615447012578723, 0.41501683625803076, 0.5602600041838905, 0.6048259945995781, 0.5653093440610741, 0.19967253228651854] 
9, 2, 50000.0, [0.6474367290221108, 0.6134052019743987, 0.36781743166735753, 0.14377461049670204, 0.9738384621469182, 0.627877376720657, 0.9151313817557071, 0.43018262996567425, 0.1636122295560051, 0.06978535173325022, 0.18273790875209495, 0.3016885103549324] 
9, 3, 50000.0, [0.5939751488571087, 0.6764062795075649, 0.30800774159924016, 0.12282950024850203, 0.32644051277303093, 0.36782651157388013, 0.6362140809494756, 0.049557635471066286, 0.5239323598892955, 0.5876313604775244, 0.12541971871265922, 0.9345512041238309] 
9, 4, 50000.0, [0.563365212165987, 0.6011114367860582, 0.4507557587025274, 0.07341051082783867, 0.5788994442950983, 0.622738103215981, 0.06163651283882937, 0.3182782952776505, 0.06289486509345552, 0.4545932452742436, 0.14792292916907587, 0.6276634363492122] 
9, 5, 50000.0, [0.6185396151454152, 0.7695282182394505, 0.7498806951828031, 0.61002032099976, 0.6401568189580273, 0.3293622427852517, 0.4507137837432647, 0.7957545226165927, 0.2573537972898205, 0.3957641858514206, 0.06346860752396555, 0.11467337794743976] 
9, 6, 50000.0, [0.8167840557656465, 0.2580985967027656, 0.5736129856559736, 0.8396056694059564, 0.25958782316069506, 0.8565453910457395, 0.15723971518543567, 0.7095047222032415, 0.6054476777778173, 0.4668389914029446, 0.3819351477082353, 0.9127773774548262] 
9, 7, 50000.0, [0.3237683037792983, 0.7473805947232813, 0.8904455778892415, 0.3971836385027534, 0.24210043303029385, 0.6847130743494938, 0.6617623725638965, 0.9488225018558394, 0.6824983676069152, 0.5032237063459272, 0.20611571513906976, 0.22631906974006782] 
9, 8, 50000.0, [0.2963378982341078, 0.33261119783705206, 0.3491913294716904, 0.918588501112535, 0.14832148986164184, 0.4401574272570709, 0.6303546884905156, 0.321187715210793, 0.3791562578923263, 0.11461560364258928, 0.1012368571786158, 0.2223115032255934] 
9, 9, 50000.0, [0.3347095422709883, 0.6859892845021933, 0.8721251869341288, 0.9601863385161336, 0.06568646217681717, 0.42136220499105537, 0.2956984309376648, 0.3717007118260263, 0.06844620896346015, 0.14316088045965333, 0.36525431664088026, 0.3722491284953432] 
9, 10, 50000.0, [0.5419706698714102, 0.4754199337390743, 0.9669689274169324, 0.5623713857044087, 0.32126312797288276, 0.26619376509492615, 0.20463999742344802, 0.5620769904402269, 0.11036277031063474, 0.4331779477001666, 0.467225437801304, 0.9446862156120572] 
9, 11, 50000.0, [0.9012155039240871, 0.7294474191131701, 0.770753233384201, 0.9934142203292664, 0.4868663720574833, 0.6827194175522474, 0.1541179385727794, 0.38167420518032874, 0.19872363311448882, 0.4113374671630208, 0.25682664045153225, 0.6356775768071505] 
9, 12, 50000.0, [0.5690217123744609, 0.33118977572051556, 0.7083457849624244, 0.5134635893366857, 0.3553177303639455, 0.005393519143165604, 0.654594334368301, 0.7291574276229129, 0.4513275431718219, 0.3147675792461823, 0.5955114502630772, 0.5843166050943505] 
9, 13, 50000.0, [0.6382518607447701, 0.7540285674424293, 0.4945415746872252, 0.055860129599129005, 0.009174397848900728, 0.9160447868584436, 0.7711986593997218, 0.4094166580707719, 0.8465991560923549, 0.12093540354256654, 0.16737514628996708, 0.5702741019513258] 
9, 14, 50000.0, [0.920543650379016, 0.3022536299667971, 0.5052148704820622, 0.5040233012256823, 0.6283580970761657, 0.654105918959983, 0.22622392371722583, 0.5581480482526441, 0.29493971301619204, 0.08113511392242784, 0.3084359140487015, 0.24633220980300125] 
9, 15, 50000.0, [0.32827508598894395, 0.49737451395469945, 0.6593044315863992, 0.8159459483909252, 0.5652469708578367, 0.6254911431011718, 0.5085807511796786, 0.5163141200414967, 0.16413155647300431, 0.24478552163220013, 0.08027631800940127, 0.6365876741899569] 
9, 16, 50000.0, [0.49853977470144745, 0.35768011894372703, 0.8139028376197031, 0.08974462940230543, 0.18389323974718502, 0.44918355736187165, 0.07686263522608516, 0.39840256126175316, 0.08152917610239213, 0.32838507135229145, 0.1877725547786307, 0.6877131541371156] 
9, 17, 50000.0, [0.3604887623716776, 0.31029300957457107, 0.32824193670045626, 0.24347647136067657, 0.13465299571183212, 0.5502035932202511, 0.6522968049898289, 0.5978914589181465, 0.08857447302118174, 0.21825047609840928, 0.29547304734934476, 0.6361102216928827] 
9, 18, 50000.0, [0.2991331629050721, 0.4395316261252468, 0.5649758972297898, 0.12436933670666678, 0.4144262968223373, 0.20091016105726048, 0.7506889391762445, 0.5181685265002014, 0.0065203498135228966, 0.7044622550057925, 0.40592309299657975, 0.3208365358741121] 
9, 19, 50000.0, [0.9537847817389342, 0.38711441243981076, 0.025425200901088796, 0.7514511256770331, 0.2511542183026254, 0.5135551739258555, 0.4197182192854077, 0.9970788970483223, 0.15611316541510595, 0.11597081599461906, 0.373601831599069, 0.35539204553384396] 
9, 20, 50000.0, [0.8448637772812042, 0.3335187877207335, 0.9261542634335669, 0.2741827472845408, 0.5377629754407549, 0.6288663735683211, 0.11172237642589183, 0.12854805233891642, 0.6824558696127591, 0.10182354901261662, 0.5532932672854287, 0.5112416293258009] 
9, 21, 50000.0, [0.18860978863805467, 0.45361004887421574, 0.6920988757306057, 0.636202499408614, 0.4230663008840453, 0.42137402558473713, 0.6524208181936278, 0.616087599682657, 0.28949111016714973, 0.2603310980907236, 0.4525840459410867, 0.46157964954727004] 
9, 22, 50000.0, [0.7210861760764569, 0.47780711938835096, 0.46426949425309516, 0.8828224944158067, 0.4461859349392658, 0.6994591908117076, 0.7738992976998071, 0.5054991785138991, 0.3476844595951759, 0.1731655791210488, 0.3405685902028984, 0.5967336036292569] 
9, 23, 50000.0, [0.32816919391493554, 0.8440695292409933, 0.8132359990382151, 0.6589466022271688, 0.5673095399722408, 0.32536337789824876, 0.36208641075006004, 0.6364004407673688, 0.18844750868029644, 0.2990981140551372, 0.6044400145741763, 0.5975222523039782] 
10, 0, 50000.0, [0.3517392618062162, 0.2382762001233007, 0.06815811442497588, 0.5947392741244534, 0.5506662618611565, 0.9983245985608409, 0.6601565185982924, 0.03839918959474303, 0.16607690040867157, 0.2510332841275119, 0.6015807078900349, 0.8469121059026915] 
10, 1, 50000.0, [0.9347099842779081, 0.6804727111779797, 0.290126262694563, 0.5659473328048664, 0.6574664686791463, 0.5681758562276548, 0.8224311345853943, 0.4559792880092178, 0.07551972516438424, 0.8123412620525982, 0.5765636038841561, 0.5859338616931996] 
10, 2, 50000.0, [0.35406384166318405, 0.8120927147591923, 0.20725481193687373, 0.14093299700359946, 0.39082282807138197, 0.5517171703041407, 0.3886536659353852, 0.875778204419879, 0.3408693109202766, 0.4904062495944389, 0.6295318137581739, 0.17183405621872164] 
10, 3, 50000.0, [0.40237997313240276, 0.4067983436490595, 0.918219729558988, 0.9078143535610362, 0.8421334265624559, 0.3522467231360365, 0.7033828119640063, 0.6025198847774361, 0.39668163361021014, 0.12926821149168338, 0.7000842532166083, 0.5189153451296453] 
10, 4, 50000.0, [0.11344247433455351, 0.207916193151018, 0.6851548696930825, 0.22979744436721275, 0.4447731288870711, 0.19483945269657205, 0.018630656048991445, 0.899072430565462, 0.4504953202678159, 0.7991321262535058, 0.42370875535851094, 0.12064788580866898] 
10, 5, 50000.0, [0.8571841112275373, 0.4381075792832448, 0.3046670711614361, 0.633026406999007, 0.9332535568998674, 0.1876297291298481, 0.7019103958578419, 0.6112711663546282, 0.1858409995510541, 0.5777725747396878, 0.24244923615435351, 0.7457123487057298] 
10, 6, 50000.0, [0.924897864637607, 0.9109244655190678, 0.2714803585311595, 0.06698545917437654, 0.6510569123107883, 0.5327925017970956, 0.597476407817503, 0.20332937343122237, 0.156548589814342, 0.20754979770123444, 0.5938772221555214, 0.6566784334038698] 
10, 7, 50000.0, [0.15661113897998996, 0.11030095906703596, 0.917556019783081, 0.9069141838083454, 0.7525441640739773, 0.4747152204746335, 0.41977715335077853, 0.2285283672135035, 0.2733389078156191, 0.07803019175714515, 0.2492692849816599, 0.5555075298413957] 
10, 8, 50000.0, [0.6185143470264003, 0.5158854078290588, 0.16408358934712042, 0.352329382461414, 0.26076776112221783, 0.35938274334197057, 0.39118077061582585, 0.19823421398369723, 0.45061893725893487, 0.3570468547181793, 0.17220728256689294, 0.22547627447406893] 
10, 9, 50000.0, [0.4215253708072515, 0.9339401334137174, 0.36233079848081073, 0.14441094920402414, 0.3879155394529388, 0.4178229039491911, 0.407804831876689, 0.9884916575686973, 0.1959147533165797, 0.6988746376130911, 0.28360199931975727, 0.1676563484601918] 
10, 10, 50000.0, [0.5832748695822669, 0.6501852440566658, 0.5657269759985492, 0.2947602743826513, 0.5967269378042932, 0.14703907231841246, 0.5673452411660954, 0.340019516678724, 0.41157653558486396, 0.3379463920003129, 0.44675168723552844, 0.9568844305636864] 
10, 11, 50000.0, [0.13082497766597273, 0.6468615236497883, 0.5702744760832074, 0.41612613197391174, 0.4488501125475117, 0.5248841820073568, 0.17035033090072565, 0.39384918590680834, 0.7248848464702888, 0.14806454987052614, 0.6241298220747774, 0.1549531635039636] 
10, 12, 50000.0, [0.29316645579692874, 0.05999270122253347, 0.4210855509854905, 0.617721897910187, 0.4014756647262961, 0.49492756199924914, 0.33412391511542705, 0.25208023365832516, 0.18102150361741515, 0.46569523627850473, 0.21831141828442943, 0.3827454086955001] 
10, 13, 50000.0, [0.49686118339024543, 0.6139543243520101, 0.3819058964374282, 0.02045510773625825, 0.7457490719799461, 0.8538950756587018, 0.3955181339087832, 0.41204434479999125, 0.42692461289435996, 0.9056260902074867, 0.1512089133770987, 0.8680101727062866] 
10, 14, 50000.0, [0.49862795743001825, 0.545392947155478, 0.6026536596376137, 0.7799737334207155, 0.9023742787715376, 0.6357912028933719, 0.2941116045776032, 0.2948550728607221, 0.3018739441751312, 0.25080524773994306, 0.6420560061092767, 0.4870963540749499] 
10, 15, 50000.0, [0.663154588251792, 0.5031295029932983, 0.865685727551286, 0.5443676255093061, 0.0019092173021739711, 0.01971757210340319, 0.6768232333203166, 0.3339145505772585, 0.470674989454426, 0.15402873728294386, 0.27958336754251306, 0.26418550064130364] 
10, 16, 50000.0, [0.8744781953123795, 0.9110876288011491, 0.4720381633678265, 0.7771861906192843, 0.5846270558304287, 0.5908559704417353, 0.2783298730257733, 0.6062153384329033, 0.40343680524545666, 0.12950786648147977, 0.6220734253642626, 0.596890992785691] 
10, 17, 50000.0, [0.4048867665110518, 0.7622662760712791, 0.3247272191405872, 0.23992634035960395, 0.18192454419636833, 0.9128115727610093, 0.5594112999602334, 0.6105904315641308, 0.574277520385285, 0.327861395254259, 0.5770076608681298, 0.5495820850252247] 
10, 18, 50000.0, [0.19418917759110205, 0.992987957834282, 0.3781945590685768, 0.4292214605517963, 0.8016145765319231, 0.3312059665062571, 0.8691129838291947, 0.7928668770059396, 0.08621851310298767, 0.5320546975429195, 0.17327050939856525, 0.4618924491212887] 
10, 19, 50000.0, [0.387845120478598, 0.9051108594584667, 0.8245516508320018, 0.20777361823380924, 0.57359581256563, 0.6187120821933743, 0.7022326944707088, 0.3078365848112372, 0.36226458731438166, 0.11271668735687057, 0.8487686885827778, 0.508710944113449] 
10, 20, 50000.0, [0.07967233483128777, 0.21971931743251283, 0.40074768360458823, 0.8969492552458258, 0.03450342496880038, 0.15050707314967365, 0.5883945834005496, 0.7876965520571582, 0.2860287521857904, 0.5049076219240465, 0.12934304475039277, 0.6642730132475355] 
10, 21, 50000.0, [0.2681959213419501, 0.5377952149589146, 0.07952312154406582, 0.5429600674481656, 0.06482740557482985, 0.3507371464935029, 0.16668027922009426, 0.8101731261825396, 0.31378352273032084, 0.15858381917331846, 0.25733521645729923, 0.553999848461275] 
10, 22, 50000.0, [0.6725224861784486, 0.2180361577867233, 0.5448458414911128, 0.4865299845627175, 0.4886041558703425, 0.3227755005094618, 0.7178799143515906, 0.2712764116470896, 0.18900274412936843, 0.2993259832874318, 0.5218083957459195, 0.6360463709689672] 
10, 23, 50000.0, [0.7517073788421044, 0.5253449939785372, 0.14783555019681677, 0.17073417083498538, 0.33931071890063536, 0.5506245906493736, 0.5028864112158644, 0.24809287599051527, 0.2111208074437396, 0.6755461769639624, 0.2606959530962422, 0.1600295582454906] 
11, 0, 50000.0, [0.37846284336006997, 0.17524855751828616, 0.582317758500926, 0.22476296225475006, 0.2552393490475518, 0.6076150375879563, 0.8905951488067516, 0.07122014080511091, 0.7445046875517807, 0.2558790004872134, 0.04484668973727979, 0.32065835073980065] 
11, 1, 50000.0, [0.5200935529022329, 0.6329738293405988, 0.7618456596832683, 0.4200754880733553, 0.5958057072717514, 0.752059323539193, 0.9708997709424323, 0.6096132136306468, 0.8612760545416377, 0.14745541500286968, 0.6227671734690664, 0.3052086610799069] 
11, 2, 50000.0, [0.29095756763942854, 0.27911072533453973, 0.7143731792188006, 0.7146487596047782, 0.5387701176019303, 0.5563638819341739, 0.4817254994644108, 0.7800250410949487, 0.011292316304922612, 0.3469074006744173, 0.8583849618936217, 0.6465831949566896] 
11, 3, 50000.0, [0.7792390754966319, 0.19687043508236973, 0.8165732303121489, 0.6116591372253395, 0.24299602106151036, 0.7708033460164805, 0.48586882315387026, 0.2199420804729153, 0.6487123141271338, 0.12303816693541353, 0.5800846389170837, 0.4219792341292609] 
11, 4, 50000.0, [0.8915377665580696, 0.21389908618762565, 0.8201632079184967, 0.7085434062622489, 0.6174059358814621, 0.799065290910816, 0.22057458912607225, 0.865339210976872, 0.4027938020027799, 0.29100830626162344, 0.8070792011753665, 0.7144588299039576] 
11, 5, 50000.0, [0.7696400391870689, 0.39456860834718577, 0.6448140783634939, 0.6569144387800498, 0.945731709780925, 0.645270185453698, 0.8798668467513343, 0.8757606538241537, 0.07095511150770806, 0.5247236640177728, 0.14899146914954997, 0.4640407155389965] 
11, 6, 50000.0, [0.4862255173618749, 0.3468609653308843, 0.06085121933539733, 0.769593006610424, 0.7362472648945781, 0.5955110925090373, 0.5096337601948678, 0.542863818423643, 0.001474340281911346, 0.34145064347517606, 0.9974496719083181, 0.3967171864432498] 
11, 7, 50000.0, [0.9995522601285203, 0.42593745948321876, 0.5843927544512308, 0.6998541542287946, 0.4409507004347153, 0.5724159714830224, 0.7970366851456768, 0.9114250492743764, 0.3198561667093298, 0.7391363242430873, 0.37627149930851744, 0.3044525822012344] 
11, 8, 50000.0, [0.5936769624226805, 0.43317589352115565, 0.9267756052711239, 0.6771561515869295, 0.612215814449792, 0.09453447450294616, 0.95791327800456, 0.5127277855916529, 0.005489011014630674, 0.47589122505981013, 0.5197865121685746, 0.7532971068213086] 
11, 9, 50000.0, [0.7536266416112709, 0.46696251347054696, 0.6214246116120511, 0.2548358544294454, 0.5718616953807484, 0.3368678937140029, 0.5241110063831599, 0.7372289082685144, 0.49760630614090706, 0.2491594343186776, 0.9903444469664362, 0.547954038379129] 
11, 10, 50000.0, [0.39349585346142024, 0.4849165814465373, 0.43615169654338326, 0.6667452831882117, 0.6324061619647311, 0.5994368804255252, 0.779434761035391, 0.7163807392163394, 0.6765826668078561, 0.8830283067213884, 0.7844281151115622, 0.4470673976775112] 
11, 11, 50000.0, [0.6512799150021624, 0.3729774389431077, 0.12424617414436206, 0.2838548502653378, 0.20162547197221797, 0.8076321474899939, 0.6948111104327787, 0.12923528012700347, 0.6143532023053548, 0.24599640540987175, 0.2599758636279965, 0.8753719086582034] 
11, 12, 50000.0, [0.3570733134712293, 0.6437290996958633, 0.3594635996993477, 0.31030494413715787, 0.5513083419984235, 0.6993829913489503, 0.653022349568554, 0.47575684337588076, 0.7271145029806199, 0.14165138384124548, 0.5086924233012857, 0.5159144171447034] 
11, 13, 50000.0, [0.8637019510386568, 0.7433788685869739, 0.291499998388268, 0.1504820342313159, 0.4701344365912591, 0.06173500481490379, 0.28902929762439755, 0.1051217290599803, 0.07274871419659795, 0.5927482118657261, 0.350626952798219, 0.7004697985142505] 
11, 14, 50000.0, [0.492244109560843, 0.68812995435576, 0.8796773722403619, 0.5329110798453163, 0.3218593625747718, 0.48906158500993524, 0.3057720513492241, 0.6708482094040188, 0.4867356729554507, 0.660812620011964, 0.058907180626779077, 0.6796012261184333] 
11, 15, 50000.0, [0.49796664787192313, 0.20049773234695722, 0.47754318777902965, 0.5885809565724256, 0.8610995954302829, 0.6273830023078415, 0.36076977841745095, 0.6318237289573249, 0.5893162865372992, 0.09734500210170888, 0.356638524396943, 0.2505722418925534] 
11, 16, 50000.0, [0.4651947098803426, 0.08282427064206282, 0.8815437777602452, 0.822797871241631, 0.891281690076781, 0.40779754176045097, 0.4339653839964946, 0.5867336589941391, 0.8841212824550982, 0.6553080296185584, 0.816874472505133, 0.2777789641331496] 
11, 17, 50000.0, [0.6756990827659876, 0.19579403833891268, 0.3679125491754726, 0.1839482198016253, 0.43825422408223713, 0.22765494213446538, 0.9926043073447627, 0.36856716850589455, 0.5745493473455694, 0.6157104529223173, 0.46299134286245236, 0.5872589506666063] 
11, 18, 50000.0, [0.49505045446295887, 0.3386767310273251, 0.4903796940266683, 0.48376628144089345, 0.7710703950838294, 0.7362355076908699, 0.8944178290281397, 0.7221621288234618, 0.4189813153814578, 0.45503986926131135, 0.6658223947878172, 0.6084250969918381] 
11, 19, 50000.0, [0.8291704159440871, 0.4468215209971238, 0.7858121435415688, 0.5515464137517595, 0.7011966790602607, 0.20305264006231694, 0.19894108172411334, 0.9527593456551764, 0.23188095045737475, 0.4693634362268967, 0.5684861856249017, 0.742853529279519] 
11, 20, 50000.0, [0.5504799980481689, 0.03762908582113711, 0.6814488593505741, 0.39464497836166335, 0.5061766595439228, 0.22357522779322225, 0.703283999028683, 0.42376333574964964, 0.5820072680827322, 0.4772701315280258, 0.6990008504623608, 0.33305954424014333] 
11, 21, 50000.0, [0.529832680733949, 0.729821497257037, 0.5159306903512313, 0.7933626787881366, 0.8408701395943943, 0.23179754924834667, 0.7064379295564523, 0.5270587871176439, 0.3753111956315367, 0.25826697120010217, 0.6062309985188418, 0.5797200104329989] 
11, 22, 50000.0, [0.8421393821541138, 0.11186608617946336, 0.7635521788377284, 0.9806402031938305, 0.7093591321034827, 0.7609748133523199, 0.04417362952140935, 0.4930708470625341, 0.5495475030309973, 0.09207006588728989, 0.6158242597283874, 0.4859793303812701] 
11, 23, 50000.0, [0.8983722986134832, 0.5095610081239789, 0.7546166161258363, 0.8027488098732164, 0.6835740718137434, 0.42630352205991023, 0.3188058288085195, 0.9136744422907155, 0.5101903873326368, 0.590646471022542, 0.6421880407629521, 0.7469714685567166] 
